3
64
100
0011011101111101010110011101100110010001100000011000000110000000
100
0001100000011001001110110010111101101101110011011000000110000001
100
0010111001101010011110101111001010100010100000111000000110000000
100
0110001101100111011001011110110110111001100100011000000110000001
100
0011001100110111011101010101110101011001110100011001000110000001
100
0010001101100111011011011110100110111001100100011001000110000000
100
0001001100110111001101010111110101011001110110011001000110000001
100
0110001001100110011001110110110111111001100100011000000110000001
100
0011011001111110010110110101100111010001100000011000000110000000
100
0011001100110011011101010101110111011001100110011000000110000000
100
0010110001111100011101000111010010100100100001101000001010000011
100
0001000100111011001011100110110001001101010010011000100110000001
100
0011001100110011011101110101110111011001100110011001100110010001
100
0011000100110011011110110100111101001101110000011000000110000000
100
0001001100110111001111010111100101011001110000011000000110000001
100
0010011101101101011010011111100110010001100000011000000110000000
100
0011000100110011011101111101110110011001100000011000000100000001
100
0011001100110111011111010100110111001001100000011000000110000001
100
0000001100110111011111010101100111011001100100011000000110000000
100
0011001101110111010101011101110110011001100100011000000110000001
010
1000000110000011100001101000110010011000101100001110000011000000
010
1000000110000011100001101000010011001100010110000111000000110000
010
1000000110000010100001101001110010110000101000001110000011000000
010
0000000110000011100000101000010010001100110110000111000001100000
010
0000000100000011100000101000011010001100100110001011000011100000
010
1000000110000011100000101000011010001100110110000101000001110000
010
1000000110000011100000101000011010000100110011000101100001110000
010
1000000110000011100000101000011010001100100110001011000011100000
010
1000000110000011100000101000011011000100010011000101100001110000
010
1000000110000001100000111000011010001100100110001011000011100000
010
1000000110000011100000101000011010001100100010001001100011110000
010
1000000110000011100000101000010010001100100110001011000011100000
010
1000000010000001100000011000001110000110100011001101100001110000
010
1000000110000011100000101000011010001100100010001101100001110000
010
1000000110000010100001101000110010011000101100001110000011000000
010
1000000110000011100001101000110010011000101100001010000011100000
010
1000000110000011100000101000011010001100100110001101000001110000
010
1000000110000001100000011000001010000010110001000100110001111000
010
1000000110000011100001001000110010011000101100001010000011000000
010
1000000110000011100000101100011001000100010011000110100000111000
001
1001000110110001101100111111011011011100110011001000100010000000
001
1000000010000000101100001011000111110110110101001101110010011000
001
1000000110010011101100101011011010110100111111001100110011001000
001
1000000110110011101100101011011011110100110101001101100010011000
001
1000000010100011101100101111011011011100110110001101100010010000
001
0000000110100011101100101111011011010100110111001101100011011000
001
1000000110000011101101101011010010111100111110001101100011000000
001
1000000010010001101100011011001011110010110011101100110011001100
001
1000000010000001100100011011001110111010101011101110110011001000
001
1000000010000001101000111110001011100110111101001101110010011000
001
1000000110010011101100101011011010110100101101001101110011011000
001
1000000010000001101100111111001011010110110101001101110010001100
001
0000000110010001100110111011101010101010101011101110110011000000
001
1000000110100001111100111101001011010010110101001101110000001100
001
0000001100000010111001101110110011101000111110001011000010110000
001
1000000110100011101001101110010011101100111110000101100000011000
001
0000000110010011101100101011011010111100101011001110110011001000
001
1000000110100011101100101011011010111100111110001101100011000000
001
0000000110000011101101101111010011011100110110001001100010000000
001
1000000110110011101100101011011010110100111101001101110011001000
000
0110001100100110001111000001100000111000011010001100110010000110
000
0010000100100111001111000011100001110000110110001000100000001100
000
0100001101100110001011000011100000110000011100001101000010011000
000
0010000100100111000111000001100000111000011010001100110010000110
000
1000001110000110110011000101100001110000011000001111000010010000
000
0111110001000111100000011000000110000011100001101000110011111000
000
0011001001100011110000011000000110000011100001101001110011110000
000
0001110001111111110000011000000110000001100000111000011011111100
000
0000011100011111001100010110000111000011100001101001110011110000
000
0011111101100001010000011100001110000110100011001001100011110000
100
0001000100110011001101100111010001011100110010001000000010000000
100
0000001100100111001011010111100101010001110000011000000010000000
100
0001001100110111001101010111110101011001010110011100000110000000
100
0000011000100110011011100111101001011010110000101000001110000001
100
0000000100100011011001110110110101111001110000011000000010000000
100
0110001101100111011001011110010110101101101010011011100110000000
100
0010000101110011010100110101010101011101110110011000000110000001
100
0010001100110111011111010101100101000001110000011000000110000001
100
0001001100110110001101000111110001011000110000001000000010000000
100
0011001100110111011111010100110101001101110000011000000110000001
100
0010011001100110011011100111101111011001100100011000000110000001
100
0011001100110111011001010110100101111001110000011000000110000001
100
0110000101100011011000111110011110111101100110011000000110000001
100
0100001101100111011001010110110111111001100000011000000110000001
100
0100001101000111010001010100110111011001111100011110000110000000
100
0100001101000111011011011111100110110001100000011000000110000001
100
1100001111000111110011011101100111110001110000011000000110000000
100
0110011101101101011110011111000110110001100000011000000110000000
100
0010001101100111011011010110100101111001110100011000000110000000
100
0011001101110111010111010101100111000001100000011000000110000001
010
1000000010000001100000111000011010001100010010000101100001110000
010
0000000110000011100001101000110010001000100110001011000011100000
010
1000000110000011100001101000110010011000100100001011000011100000
010
1000000110000001100000111000001011000110010001000100110000111000
010
0000001110000010100001101000010010001100100110001101000001110000
010
1000000110000011100001101000110010011000100100001011000011100000
010
1000001110000010100001101000110010011000101100001110000011000000
010
1000000110000001100000111000001011000110010001000100110001111000
010
1000000110000001110000110100001001100110001001000011110000011000
010
1000001110000110100011001001100010110000101000001110000011000000
010
1000000110000011100000101000001011000010010001100110010000111100
010
1000001110000010100001101000010010001100100110001001000001110000
010
1000000110000011100000101000011010001100100010001001100011110000
010
1000000110000011100001101000010010001100100010001001100011110000
010
1000000110000011100001101000110010011000100100001010000011100000
010
1000001110000010100001101000110010001000100110001001000011110000
010
1000000110000011100001101000110010011000101100001010000011100000
010
1000000110000011100001101000110010001000100110001011000011100000
010
1000000110000001100000111000001010000010110001000100110001111000
010
1000000110000011100001101000110010001000100110001011000011100000
001
1000000110010011101100101011011010110100101111001111100011011000
001
1000000010000001111000011110001111100010111101101001110010011000
001
1000000110110001101100111011001010110010111110101100110011001100
001
1000000110000001101100111111001011010110110101001101110010001000
001
1000000010000001101000111010001011100110111101001101110011011000
001
1000000010000001101100011011001110110010111101101101110000001100
001
1000000110100011111100101101011011010100110111001001100010011000
001
1000000010000001101100111011001010110010111111100100110000001100
001
1000000110100001101100111111001011010110110101001101010011011100
001
1000000110010011100100101011001010110110111101001101110011001000
001
1000000110110011101100101011001011110110110101001101110010011000
001
1001000010110001101100011011001111010010110101101101110000001100
001
1000000010000000100000011001001110110010101101101111110011001000
001
1000000110000001100110011011100110101011111010101100111010001100
001
1000000110000001101000111011001011010110110101001101110010011000
001
1000000010000001100110111001101010011010101111001010110011100100
001
1000000110010001101100111011101010101010111011101100110011001100
001
1000000010000001101000011111001011010110110101001001110010011000
001
1000000110010001100100111011001010110110101101001111110011001000
001
1000000110110011101101101011010011111100110110001101100011000000
000
0100011001101100001110000001100000101100011001111100000010000000
000
1100001101001110011110000011000001110000110110001000110000000111
000
0100000101100111001011000011100000110000011110001100110010000111
000
1000000111000111011011000011100000111000001011100110001111000000
000
0110001100100110001111000001100000111000011011001100011010000011